username,date,retweets,favorites,text,geo,mentions,hashtags,tweetid,conversationid,replyto,permalink,imagelink
"landijo07","2018-07-17-08:44",0,3,"This Beautiful Flower grows in New Zealand and called : “Blood of Jesus on The Cross” # Nature # ExoticFlower # Amazingpic.twitter.com/nlQP29LjE0","","","# Nature # ExoticFlower # Amazingpic","1019201268089282562","","","https://twitter.com/landijo07/status/1019201268089282562","https://pbs.twimg.com/media/DiTuJvGWsAAv1ec.jpg"
"andrew_osb","2018-07-16-08:43",0,0,"Monday July 16th, 2018 / Daily Meditation & Reflection July Month of the Precious Blood of Jesus. Today: Feast of Our lady of Mount Carmel. O most beautiful Flower of Mount Carmel, Fruitful Vine, Splendour of... https://www.facebook.com/monasterygiftshop/posts/1736036976451061 …","","","","1018838505169014784","","","https://twitter.com/andrew_osb/status/1018838505169014784",""
"pghoratory","2018-07-11-04:28",0,1,"I adore You, O Precious Blood of Jesus, flower of creation, fruit of virginity, ineffable instrument... https://tmblr.co/ZiIHxe2ZiwQLq","","","","1016962514112966656","","","https://twitter.com/pghoratory/status/1016962514112966656","https://abs.twimg.com/emoji/v2/72x72/1f4f7.png"
"baldati","2018-07-10-17:03",0,0,"صورة نادرة زهرة ( pohutukawa ) . تنبت في نيوزلندا وتسمّى ب ( Blood of Jesus flower ) اي زهرة دم المسيح . ذلك انها لا تزهر وباللون الاحمر إلّا في اسبوع الالام وتظهر نواتها على شكل صليب https://youtu.be/znZGTgpcOT0","","","","1016789932872994816","","","https://twitter.com/baldati/status/1016789932872994816",""
"_Kolgrim_","2018-06-16-18:17",0,0,"Where I walk, everything appears in grey And under my shadow, the flowers wither I have drunk the blood of Jesus, and my reflection is just a shadow As a bat or a wolf I travel, and the rats tell about my arrival Singe este viata","","","","1008111290802429957","","","https://twitter.com/_Kolgrim_/status/1008111290802429957",""
"henrisoul","2018-05-21-13:52",0,0,"My blooder @nuttyjosh247 no other sacrifice can be greater than the sacrifice of the blood of Jesus Christ at the cross of Calvary. His blood is an ever flower fountain that never clots. # seriousmatter # seriouslove # bloodinbloodout # itisabloodyaffairhttps://www.facebook.com/Henrisoul/videos/2058561647504573/ …","","","# seriousmatter # seriouslove # bloodinbloodout # itisabloodyaffairhttps","998622676196511746","","","https://twitter.com/henrisoul/status/998622676196511746",""
"wendylmacdonald","2018-05-14-13:17",5,8,"bright crimson tulips sway gentle in a May breeze the Blood of Jesus washed and forgave all my sins my heart dances with rebirth ~ wlm # verseoftheday # faith # Flowers pic.twitter.com/UvS1OoTvTk","","","# verseoftheday # faith # Flowers","996077124489375744","","","https://twitter.com/wendylmacdonald/status/996077124489375744","https://pbs.twimg.com/media/DdLG1asVwAAOvsu.jpg"
"Chiwendu_O","2018-05-01-02:56",0,6,"I cover Nina with the blood of Jesus o! All the flower aunties eh!","","","","991209631098855424","991131038121385985","kuukuafouillard","https://twitter.com/Chiwendu_O/status/991209631098855424","https://abs.twimg.com/emoji/v2/72x72/1f3c3-1f3fd-200d-2640-fe0f.png"
"Chiwendu_O","2018-04-29-16:48",0,6,"All the flower filter aunties ooo I cover Nina with the blood of Jesus","","","","990694227863629825","990649526129176578","SirPutrosR","https://twitter.com/Chiwendu_O/status/990694227863629825",""
"Newbornchristi2","2018-04-27-10:30",0,0,"This flower reminds of the blood of Jesus and the beauty there of. What can was away my sins? Nothing but the blood. Amen! Jesus loved all the vile people of this world enough that he let his blood flow on Calvary. Oh how thankful we ought to be. pic.twitter.com/gRd6iD6yZe","","","","989874375217250304","","","https://twitter.com/Newbornchristi2/status/989874375217250304","https://pbs.twimg.com/media/Dby9fcbWkAA1Wj9.jpg"
"SoniaFalcone","2018-03-31-16:38",0,1,"“Blood of Jesus”, this beautiful flower grows in New Zealand. You can see the cross in the… https://www.instagram.com/p/BhAFSM9hFLg/","","","","980182581072277504","","","https://twitter.com/SoniaFalcone/status/980182581072277504",""
"Kaka_Laux","2018-03-30-19:32",0,0,"This beautiful # flower grows in # NewZealand and it's called 'The # Blood of # Jesus on The… https://www.instagram.com/p/Bg90cVqj8lT/","","","# flower # NewZealand # Blood # Jesus","979864063005151234","","","https://twitter.com/Kaka_Laux/status/979864063005151234","https://abs.twimg.com/emoji/v2/72x72/1f339.png"
"raivellurfranco","2018-02-28-22:36",0,0,"This beautiful flower grows in New Zealand n is called. Blood of Jesus on d Cross. This flower grows only in the Holy week. You can see the Cross in the centre of the flower. pic.twitter.com/LhNFj64Ue9","","","","969053674004721664","","","https://twitter.com/raivellurfranco/status/969053674004721664","https://pbs.twimg.com/media/DXLFK4bX4Ack6uv.jpg"
"MelodyMittra","2018-02-24-09:24",0,1,"This beautiful flower grows in New Zealand & is called the 'Blood of Jesus on the Cross'. This flower grows only in the Holy Week...before http://Easter.You can see the Cross in the centre of the flower. pic.twitter.com/zMmqoqX04B","","","","967404752496742400","","","https://twitter.com/MelodyMittra/status/967404752496742400","https://pbs.twimg.com/media/DWzpcljVwAAsQqf.jpg"
"jeremyers1","2018-01-06-00:20",0,0,"yes, I think that post is part of a series. But I have also written a couple of books that address some of these issues. The Atonement of God ... and Nothing but the Blood of Jesus.","","","","949510915057008640","942723625056129024","andrew_flower","https://twitter.com/jeremyers1/status/949510915057008640",""
"kessily","2017-12-25-16:04",2,3,"Poinsettias are also called Flowers of the Holy night and the shape is supposed to emulate the star of Bethlehem, and the red color is supposed to be for the blood of Jesus, so they are popular at this time of year but their history is much older than that. The Aztecs held the pic.twitter.com/wJpIPEXFio","","","","945399854951469056","","","https://twitter.com/kessily/status/945399854951469056","https://pbs.twimg.com/media/DR661fyWsAAXMJj.jpg"
"ChCatalina1","2017-12-17-09:09",2,10,"This flower grows in New Zealand and is called 'The Blood of Jesus on the Cross.' Pokhutukawa. In the middle you can see a cross. At the end of December, during Christmas, there is a massive flowering of Pokhutukawa. pic.twitter.com/EVq9c4gBX3","","","","942396376062799873","","","https://twitter.com/ChCatalina1/status/942396376062799873","https://pbs.twimg.com/media/DRQQLJNX0AEgYxG.jpg"
"KirkSpirit","2017-12-07-16:14",0,0,"https://youtu.be/a5RAnVWN_2c I hope the blood of JESUS cleanses the rainbow mystery into forgiveness & THAT what we learn from it will not be all about just babies&Love between men WOMEN only cause thats a waterfall of flowers starving 2 have THEIR seeds planted in a HOLY Ghost people","","","","938879483628601344","","","https://twitter.com/KirkSpirit/status/938879483628601344",""
"ALBERTOZ87","2017-11-13-08:28",0,0,"'I adore You, O Precious Blood of Jesus, flower of creation, fruit of virginity, ineffable instrument of the Holy... http://fb.me/OHvt1kMF","","","","930064948931198978","","","https://twitter.com/ALBERTOZ87/status/930064948931198978",""
"addickaccuxzau0","2017-11-11-22:45",0,0,"The blood of Jesus Christ is just like this red flower, pure and fresh :-) # PreciousBlood — feeling happy","","","# PreciousBlood","929555667286978560","","","https://twitter.com/addickaccuxzau0/status/929555667286978560",""
"send_flowers_","2017-10-25-22:46",2,7,"First, take those crimson # roses How red their petals glow! Red as the blood of Jesus, Which heals our sin and woe. @ send_flowers_pic.twitter.com/nG67siBsky","","@ send_flowers_pic","# roses","923380243934732294","","","https://twitter.com/send_flowers_/status/923380243934732294","https://pbs.twimg.com/media/DNCBXdnWkAINe4H.jpg"
"strightup2","2017-05-03-19:59",0,0,"This beautiful flower grows in New Zealand and is called the 'Blood of Jesus on the Cross'. This flower grows only in the Holy Week. pic.twitter.com/WLejfIaLEw","","","","859920461853057025","","","https://twitter.com/strightup2/status/859920461853057025","https://pbs.twimg.com/media/C-8M3N-XgAMJck5.jpg"
"pms221969","2017-04-25-21:33",0,0,"Does the &#8216;Blood of Jesus&#8217; Flower Only Bloom During Holy Week? http://www.snopes.com/blood-of-jesus-flower/ …","","","","857044934175715330","","","https://twitter.com/pms221969/status/857044934175715330",""
"Chopsyturvey","2017-04-18-13:26",3,9,"This beautiful flower grows in New Zealand n is called. Blood of Jesus on d Cross. This flower grows only in the Holy week. See the cross pic.twitter.com/pKqkcqGTNl","","","","854385703454744578","","","https://twitter.com/Chopsyturvey/status/854385703454744578","https://pbs.twimg.com/media/C9tjOv6XoAAUcOP.jpg"
"RichardThyaa","2017-04-17-09:32",0,0,"This # beautiful # flower grows in # NewZealand n is called. Blood of Jesus on d Cross. This flower… https://www.instagram.com/p/BS_P7OTlvlM/","","","# beautiful # flower # NewZealand","853964439158239234","","","https://twitter.com/RichardThyaa/status/853964439158239234",""
"steelpan_lover","2017-04-17-06:42",0,0,"This flower is called blood of Jesus pic.twitter.com/slTa5yCdCA","","","","853921658859638784","","","https://twitter.com/steelpan_lover/status/853921658859638784","https://pbs.twimg.com/media/C9m9N1QVYAQdxao.jpg"
"DerrickWilkins8","2017-04-16-17:32",0,0,"Those flowers down there mean the resurrection & the wine that we drink is the blood of Jesus now we all say amen & amen happy Easter every","","","","853722753362427908","","","https://twitter.com/DerrickWilkins8/status/853722753362427908",""
"iamhephzibah1","2017-04-16-09:04",0,0,"This beautiful flower grows in New Zealand and it's called The Blood Of Jesus on The Cross. This… https://www.instagram.com/p/BS8n6RKA768/","","","","853594963220860932","","","https://twitter.com/iamhephzibah1/status/853594963220860932",""
"readytoshopping","2017-04-16-01:51",0,0,"This beautiful flower grows in New Zealand n is called. Blood of Jesus on the Cross. This flower… https://www.instagram.com/p/BS72XJllm-r/","","","","853486006523318272","","","https://twitter.com/readytoshopping/status/853486006523318272",""
"Mary39800280","2017-04-15-23:50",0,0,"Beautiful Flowers Blood of Jesus! https://twitter.com/accuethome/status/853039360501002240 …","","","","853455608615362560","","","https://twitter.com/Mary39800280/status/853455608615362560","https://pbs.twimg.com/media/C9aaxZqXcAAQLjS.jpg"
"RoadsofSuccess1","2017-04-15-20:34",0,0,"This beautiful flower grows in New Zealand n is called Blood of Jesus on the Cross. This flower grows only in the... http://fb.me/2WMdBcMHU","","","","853406315552571393","","","https://twitter.com/RoadsofSuccess1/status/853406315552571393",""
"Kaka_Laux","2017-04-15-13:11",0,0,"This beautiful # flower grows in # NewZealand and it's called 'The # Blood of # Jesus on The… https://www.instagram.com/p/BS6fWP7DKMP/","","","# flower # NewZealand # Blood # Jesus","853294658461593601","","","https://twitter.com/Kaka_Laux/status/853294658461593601","https://abs.twimg.com/emoji/v2/72x72/1f339.png"
"Marahmartha","2017-04-15-10:07",0,0,"This flower grows in New Zealand and it's called 'The Blood Of Jesus on The Cross' and it blossoms only during The Holy Week # HolyWeek2017pic.twitter.com/K18mLfEaS6","","","# HolyWeek2017pic","853248315357634560","","","https://twitter.com/Marahmartha/status/853248315357634560","https://pbs.twimg.com/media/C9dYzr-XcAE2kiF.jpg"
"AnbalaganJob","2017-04-15-09:20",0,0,"This beautiful flower grows in New Zealand & is called Blood of Jesus on d Cross: grows only in d Holy week, Cross in d centre of d flower. pic.twitter.com/Os3XijQDXr","","","","853236561487568897","","","https://twitter.com/AnbalaganJob/status/853236561487568897","https://pbs.twimg.com/media/C9dOHMYXgAAZpRk.jpg"
"AccuetHome","2017-04-14-20:16",36,71,"Hello Fellow # Believers ♡ it This beautiful Flower grows in New Zealand, known - Blood of Jesus. Grows only in HOLY WEEK. Note the Cross. pic.twitter.com/VrA7iAAes9","","","# Believers","853039360501002240","848244780555546624","GregPettys AHeartofVirtue","https://twitter.com/AccuetHome/status/853039360501002240","https://pbs.twimg.com/media/C9aaxZqXcAAQLjS.jpg"
"fabmumof4","2017-04-14-16:28",0,1,"Ds beautiful flower grows in New Zealand n its called d Blood Of Jesus On d Cross.it blossoms only in d Holy Wk n u can c d Cross in Center! pic.twitter.com/t7zFt2IzvV","","","","852982018547867649","","","https://twitter.com/fabmumof4/status/852982018547867649","https://pbs.twimg.com/media/C9Zmm_dXUAA_y-k.jpg"
"rajunellaiking","2017-04-14-15:03",5,5,"This beautiful flower grows in New Zealand n is called. Blood of Jesus on the cross. pic.twitter.com/q4Dq0vJ7zl","","","","852960562099171328","","","https://twitter.com/rajunellaiking/status/852960562099171328","https://pbs.twimg.com/media/C9ZTGPeXkAA7eUv.jpg"
"zeitgeistxylem","2017-04-14-14:07",0,0,"This beautiful flower grows in New Zealand, blooms only in the Holy week and is called 'Blood of Jesus on the Cross' cross is in the middle pic.twitter.com/fzQ64uaw37","","","","852946393912287233","","","https://twitter.com/zeitgeistxylem/status/852946393912287233","https://abs.twimg.com/emoji/v2/72x72/1f60e.png"
"Etibbobo","2017-04-14-12:16",0,0,"This beautiful flower grows in New Zealand and is called Blood of Jesus on the Cross. This… https://www.instagram.com/p/BS30E8ElaNx/","","","","852918431242493954","","","https://twitter.com/Etibbobo/status/852918431242493954",""
"HoneyB116","2017-04-14-11:46",0,0,"This beautiful flower grows in New Zealand n is called. Blood of Jesus on d Cross, grows only in the Holy week. pic.twitter.com/xieKImqJCk","","","","852910832463732737","","","https://twitter.com/HoneyB116/status/852910832463732737","https://pbs.twimg.com/media/C9Yl4WvU0AAMs4F.jpg"
"GiNO768","2017-04-14-10:26",0,0,"This beautiful flower grows in New Zealand and is called Blood of Jesus on the Cross. This… http://ln.is/www.instagram.com/p/oWgLR …","","","","852890730209083396","","","https://twitter.com/GiNO768/status/852890730209083396",""
"EverSilk","2017-04-14-09:17",0,0,"This beautiful flower grows in New Zealand and is called Blood of Jesus on the Cross. This flower grows only in... http://fb.me/1KbDHidJ8","","","","852873472376266752","","","https://twitter.com/EverSilk/status/852873472376266752",""
"Osekita","2017-04-14-07:36",3,0,"Ds beautiful flower grows in New Zealand Blood of Jesus on d Cross Grows only in d HolyWeek U can see d Cross in d centre of d flower pic.twitter.com/SiOjMaHZWL","","","","852847976175239168","","","https://twitter.com/Osekita/status/852847976175239168","https://abs.twimg.com/emoji/v2/72x72/1f64f-1f3fe.png"
"CelineKhourii","2017-04-14-05:21",0,0,"This flower grows in New Zealand only in the Holly week. It is called Blood of Jesus on the Cross. U can see the Cross in the flower. pic.twitter.com/Y10tDnZsvh","","","","852814081224359937","","","https://twitter.com/CelineKhourii/status/852814081224359937","https://pbs.twimg.com/media/C9XN32FUwAEPQGp.jpg"
"fongmic","2017-04-13-22:44",0,0,"FACT CHECK: Does the 'Blood of Jesus' Flower Only Bloom During Holy Week? http://fb.me/4BnqVcUHM","","","","852714071262511104","","","https://twitter.com/fongmic/status/852714071262511104",""
"fongmic","2017-04-13-22:43",0,0,"Does the &#8216;Blood of Jesus&#8217; Flower Only Bloom During Holy Week? http://www.snopes.com/blood-of-jesus-flower/ …","","","","852713982318305280","","","https://twitter.com/fongmic/status/852713982318305280",""
"ewaoluwasblog","2017-04-13-16:15",0,0,"BLOOD OF JESUS FLOWER http://dlvr.it/NtQdgf pic.twitter.com/cXMsK5SVlm","","","","852616308491395072","","","https://twitter.com/ewaoluwasblog/status/852616308491395072","https://pbs.twimg.com/media/C9UaA2TUwAAjhmm.jpg"
"boogiewoogieshp","2017-04-13-13:13",0,0,"This beautiful flower grows in New Zealand n is called. Blood of JESUS on d Cross. This flower grows only in the Holy week. pic.twitter.com/Z5Sx4Mane2","","","","852570534147698688","","","https://twitter.com/boogiewoogieshp/status/852570534147698688","https://pbs.twimg.com/media/C9TwRfSUMAA2Gfm.jpg"
"Deme80537610","2017-04-13-11:12",2,7,"This flower is called Blood of Jesus on the cross and it grows in NZ. Awesome pic.twitter.com/82pHMIM2lR","","","","852539976105549824","","","https://twitter.com/Deme80537610/status/852539976105549824","https://pbs.twimg.com/media/C9TUk2pXkAAWUuK.jpg"
"LebaneseTowns","2017-04-13-10:34",0,0,"This beautiful flower grows in New Zealand n is called. Blood of Jesus on d Cross. This flower grows only in the... http://fb.me/30bpKns4E","","","","852530512455503872","","","https://twitter.com/LebaneseTowns/status/852530512455503872",""
"callmeranzel31","2017-04-13-08:41",0,1,"It is believed that the blood of Jesus was shed over the flowers of the tree which is how the flowers of the tree got a sharp vibrant color. pic.twitter.com/dTuiYJo33K","","","","852502097220128769","","","https://twitter.com/callmeranzel31/status/852502097220128769","https://pbs.twimg.com/media/C9SyF2QUwAAjSbR.jpg"
"RoshanCricket","2017-04-13-06:27",8,16,"This beautiful flower grows in NZ n is called Blood of Jesus on d Cross. It grows only in the Holy week. The Cross in the centre of it. pic.twitter.com/NP709VaaK7","","","","852468315687591936","","","https://twitter.com/RoshanCricket/status/852468315687591936","https://pbs.twimg.com/media/C9STZB_VYAACSOK.jpg"
"rolemodelnaija","2017-04-13-06:00",0,0,"This grows in new zealand. The name of the flower is 'blood of Jesus'.Happy Easter in advance y'll. pic.twitter.com/EPjI3IFcfF","","","","852461533644959744","","","https://twitter.com/rolemodelnaija/status/852461533644959744","https://pbs.twimg.com/media/C9SNOedXcAADiKv.jpg"
"Leticia_yammine","2017-04-13-05:42",0,1,"This beautiful flower grows in New Zealand and is called Blood of Jesus on the Cross. This flower grows only in the Holy week. pic.twitter.com/iSCeMdvxiz","","","","852456934636703746","","","https://twitter.com/Leticia_yammine/status/852456934636703746","https://pbs.twimg.com/media/C9SJDaAXkAAWiP1.jpg"
"stackretweeter","2017-04-13-04:16",0,0,"Does the 'Blood of Jesus on the Cross' flower only bloom during the Holy week (just before Easter)? –... http://ow.ly/F4y150aOYQy","","","","852435347002753024","","","https://twitter.com/stackretweeter/status/852435347002753024",""
"StExBot","2017-04-12-23:30",0,0,"Does the Blood of Jesus on the Cross flower only bloom during the Holy week (just before Easter)? https://skeptics.stackexchange.com/questions/37952","","","","852363439985111041","","","https://twitter.com/StExBot/status/852363439985111041",""
"StackSkeptic","2017-04-12-22:17",0,0,"Does the Blood of Jesus on the Cross flower only bloom during the Holy week (just before Easter)? http://skeptics.stackexchange.com/q/37952?atw=1 # plants","","","# plants","852344958061334531","","","https://twitter.com/StackSkeptic/status/852344958061334531",""
"stackretweeter","2017-04-12-18:15",0,0,"Does the Blood of Jesus on the Cross flower only bloom during the Holy week (just before Easter)? –... http://ow.ly/dNvb50aOrph","","","","852284188350963712","","","https://twitter.com/stackretweeter/status/852284188350963712",""
"TavistockReeves","2017-04-12-16:42",0,0,"# Jesus Does the 'Blood of Jesus' Flower Only Bloom During Holy Week? - http://snopes.com http://fxmb.info/NsyNNN via # hng # newspic.twitter.com/TqdyfMsrUp","","","# Jesus # hng # newspic","852260707571609600","","","https://twitter.com/TavistockReeves/status/852260707571609600","https://pbs.twimg.com/media/C9PWmElVwAAKl9E.jpg"
"FlowerPicturesG","2017-04-12-16:00",0,0,"Does the 'Blood of Jesus' Flower Only Bloom During Holy Week? http://www.snopes.com/blood-of-jesus-flower/ …","","","","852250157487988741","","","https://twitter.com/FlowerPicturesG/status/852250157487988741",""
"FactandMythCom","2017-04-12-15:07",0,0,"RT SnopesVideo: Fact Check: Does the 'Blood of Jesus' Flower Only Bloom During Holy Week? Full Report: … pic.twitter.com/FrsMLoxa1R","","","","852236654073057280","","","https://twitter.com/FactandMythCom/status/852236654073057280",""
"PascoRevolution","2017-04-12-14:58",0,0,"snopes: RT SnopesVideo: Fact Check: Does the 'Blood of Jesus' Flower Only Bloom During Holy Week? Full Report: … pic.twitter.com/tUBU7CKUse","","","","852234438201270274","","","https://twitter.com/PascoRevolution/status/852234438201270274",""
"SnopesVideo","2017-04-12-14:48",5,4,"Fact Check: Does the 'Blood of Jesus' Flower Only Bloom During Holy Week? Full Report: http://www.snopes.com/blood-of-jesus-flower/?utm_source=twsnopesvideo …pic.twitter.com/ZmoKK9uv6E","","","","852232038417539072","","","https://twitter.com/SnopesVideo/status/852232038417539072",""
"HeWatchesOver","2017-04-12-13:30",0,0,"www dot HeWatchesOver dot me Does the 'Blood of Jesus' Flower Only Bloom During Holy Week? -... http://ow.ly/GBO250aO8r1","","","","852212463164686336","","","https://twitter.com/HeWatchesOver/status/852212463164686336",""
"FactandMythCom","2017-04-12-12:44",0,0,"Does the ‘Blood of Jesus’ Flower Only Bloom During Holy Week? http://trib.al/CkXEQmj","","","","852200688616656899","","","https://twitter.com/FactandMythCom/status/852200688616656899",""
"PascoRevolution","2017-04-12-12:43",0,0,"snopes: Does the ‘Blood of Jesus’ Flower Only Bloom During Holy Week? http://ln.is/www.snopes.com/blood/uilkD …","","","","852200457632194560","","","https://twitter.com/PascoRevolution/status/852200457632194560",""
"snopes","2017-04-12-12:41",3,3,"Does the ‘Blood of Jesus’ Flower Only Bloom During Holy Week? http://trib.al/CkXEQmj","","","","852199924963975168","","","https://twitter.com/snopes/status/852199924963975168",""
"AltLeftPress","2017-04-12-12:39",0,0,"Does the ‘Blood of Jesus’ Flower Only Bloom During Holy Week? http://altleft.host/does-the-blood-of-jesus-flower-only-bloom-during-holy-week/ …","","","","852199494435430402","","","https://twitter.com/AltLeftPress/status/852199494435430402",""
"OutdoorPRnews","2017-04-12-12:37",0,0,"Does the 'Blood of Jesus' Flower Only Bloom During Holy Week? - http://snopes.com http://dlvr.it/NssrN8","","","","852198933400920064","","","https://twitter.com/OutdoorPRnews/status/852198933400920064",""
"LegalizationBiz","2017-04-12-12:36",0,0,"Does the 'Blood of Jesus' Flower Only Bloom During Holy Week? - http://snopes.com http://dlvr.it/NssqRS","","","","852198857882574848","","","https://twitter.com/LegalizationBiz/status/852198857882574848",""
"zabdielm91","2017-04-12-12:20",0,0,"Does the ‘Blood of Jesus’ Flower Only Bloom During Holy Week? http://clkme.in/qYIPYj pic.twitter.com/QvCxRR6C7t","","","","852194617478922240","","","https://twitter.com/zabdielm91/status/852194617478922240","https://pbs.twimg.com/media/C9OafGJV0AAm4Mc.jpg"
"VictorMiranda30","2017-04-12-12:20",0,0,"Does the ‘Blood of Jesus’ Flower Only Bloom During Holy Week? http://clkme.in/qYIPR9 pic.twitter.com/FAWcizO4xo","","","","852194611237748736","","","https://twitter.com/VictorMiranda30/status/852194611237748736","https://pbs.twimg.com/media/C9OaeqRUMAE91X0.jpg"
"10jhez10","2017-04-12-12:19",0,0,"Does the ‘Blood of Jesus’ Flower Only Bloom During Holy Week? http://clkme.in/qYIPU8 pic.twitter.com/GZMorVBgup","","","","852194591595937792","","","https://twitter.com/10jhez10/status/852194591595937792","https://pbs.twimg.com/media/C9OadmpUIAEFGzl.jpg"
"zabdielm91","2017-04-12-12:19",0,0,"Does the ‘Blood of Jesus’ Flower Only Bloom During Holy Week? http://clkme.in/qYIPYj pic.twitter.com/kgviUsVbRA","","","","852194590421467137","","","https://twitter.com/zabdielm91/status/852194590421467137","https://pbs.twimg.com/media/C9OadkCUAAAPlpS.jpg"
"ElioCollazo","2017-04-12-12:19",0,0,"Does the ‘Blood of Jesus’ Flower Only Bloom During Holy Week? http://clkme.in/qYIPYA pic.twitter.com/tiGvF9euLb","","","","852194589461028864","","","https://twitter.com/ElioCollazo/status/852194589461028864","https://pbs.twimg.com/media/C9Oadf3VYAAdRxh.jpg"
"VictorMiranda30","2017-04-12-12:19",0,0,"Does the ‘Blood of Jesus’ Flower Only Bloom During Holy Week? http://clkme.in/qYIPR9 pic.twitter.com/9EwGcehesU","","","","852194588806701056","","","https://twitter.com/VictorMiranda30/status/852194588806701056","https://pbs.twimg.com/media/C9OadZ7UwAAIgOp.jpg"
"beauticountry","2017-04-12-12:19",0,1,"Does the ‘Blood of Jesus’ Flower Only Bloom During Holy Week? http://clkme.in/qYIPRZ pic.twitter.com/sCtiyYnttS","","","","852194586982203392","","","https://twitter.com/beauticountry/status/852194586982203392","https://pbs.twimg.com/media/C9OadUKUMAESgy6.jpg"
"actividadnotice","2017-04-12-12:19",0,0,"Does the ‘Blood of Jesus’ Flower Only Bloom During Holy Week? http://clkme.in/qYIPRG pic.twitter.com/EDhu6EFskG","","","","852194585577013248","","","https://twitter.com/actividadnotice/status/852194585577013248","https://pbs.twimg.com/media/C9OadRwU0AEif1o.jpg"
"Natalie_rawrrr","2017-04-12-12:07",0,0,"This flower is grown in NZ its called the Blood of Jesus on the Cross.It only blossoms during the Holy week you can a cross in the middle! pic.twitter.com/F4W3SY2hRL","","","","852191506488229889","","","https://twitter.com/Natalie_rawrrr/status/852191506488229889","https://abs.twimg.com/emoji/v2/72x72/1f64f-1f3fc.png"
"OutdoorPRnews","2017-04-12-12:02",0,0,"Does the 'Blood of Jesus' Flower Only Bloom During Holy Week? - http://snopes.com http://dlvr.it/Nss2pX","","","","852190102180601856","","","https://twitter.com/OutdoorPRnews/status/852190102180601856",""
"LegalizationBiz","2017-04-12-12:02",0,0,"Does the 'Blood of Jesus' Flower Only Bloom During Holy Week? - http://snopes.com http://dlvr.it/Nss2kv","","","","852190099676594176","","","https://twitter.com/LegalizationBiz/status/852190099676594176",""
"translatorbali","2017-04-11-20:50",1,0,"This beautiful flower,so called, Blood of Jesus on d Cross, grows only in the Holy week in New Zealand. pic.twitter.com/AeikHl1OT8","","","","851960662045597696","","","https://twitter.com/translatorbali/status/851960662045597696","https://pbs.twimg.com/media/C9LFsHeUwAQ_0An.jpg"
"shane5114","2017-04-11-10:24",0,0,"This beautiful flower grows in New Zealand and it's name is Blood of Jesus on the cross. It also blooms during... http://fb.me/VFM0H4XP","","","","851803142312165376","","","https://twitter.com/shane5114/status/851803142312165376",""
"Oluwasemilore_P","2017-04-08-11:59",0,0,"You cal this blood of jesus? abi flower from the garden of eden.","","","","850739863292870656","850729724494086144","okoyechinyerej2","https://twitter.com/Oluwasemilore_P/status/850739863292870656",""
"okoyechinyerej2","2017-04-08-11:19",0,2,"I hv finally join the flower snap filter gang hehe I sha covered my head with the blood of Jesus..just in case.. pic.twitter.com/Yr5OYiv5Av","","","","850729724494086144","","","https://twitter.com/okoyechinyerej2/status/850729724494086144","https://abs.twimg.com/emoji/v2/72x72/1f631.png"
"IshibashiMiyoko","2017-04-04-22:52",2,3,"THIS IS NEWEST PAINTING A VISION FROM GOD FROM HEAVEN HE IS BREAKING HEAVY CHAINS W THE BLOOD OF JESUS NEW FLOWERS R RISING pic.twitter.com/2MlkTtqsVq","","","","849454548938878976","849426887038443520","PocasMom","https://twitter.com/IshibashiMiyoko/status/849454548938878976","https://pbs.twimg.com/media/C8neW-QXgAEzaeB.jpg"
"Btz_GR","2017-03-13-18:20",0,1,"I second that by the blood of Jesus. Scripture says he takes care of us like he does the birds and the flowers. # LetGoLetGodhttps://twitter.com/ariielectric/status/841395922860945409 …","","","# LetGoLetGodhttps","841413576409665537","","","https://twitter.com/Btz_GR/status/841413576409665537","https://abs.twimg.com/emoji/v2/72x72/1f64f-1f3ff.png"
"TobiAde_","2017-01-24-14:06",0,0,"I swear to God i saw naira and not dollars. Blood of Jesus! 10 stacks for flowers. They better be found in the most remote place on earth https://twitter.com/TobiAde_/status/823969525737619456 …","","","","823970232339415041","","","https://twitter.com/TobiAde_/status/823970232339415041",""
"RealAdor","2017-01-18-08:50",0,0,"This beautiful flower grows in New Zealand and is called. Blood of Jesus on the cross. pic.twitter.com/blK5YuWXDC","","","","821716397516615680","","","https://twitter.com/RealAdor/status/821716397516615680","https://abs.twimg.com/emoji/v2/72x72/261d.png"
"yourkicksrfake","2017-01-08-16:23",0,0,"I PLEAD THE BLOOD OF JESUS ON ODELL'S HAMSTRINGS, ELI'S SHOULDERS AND WRECK FLOWERS' MENTAL DISABILITIES","","","","818206608073363461","","","https://twitter.com/yourkicksrfake/status/818206608073363461",""
"b_richardn","2017-01-03-21:39",0,0,"GM all! This flower blooms in New Zealand called Pohutakawa The blood of Jesus on the cross pic.twitter.com/KUhI6KvoMG","","","","816474085379084288","","","https://twitter.com/b_richardn/status/816474085379084288","https://pbs.twimg.com/media/C1Sy0ECVIAE0ZVH.jpg"
"ChefKaks","2016-12-12-13:44",2,4,"A minefield with flowers irrigated by the blood of Jesus. https://twitter.com/_AuntyE/status/808299766476140544 …","","","","808382069571260416","","","https://twitter.com/ChefKaks/status/808382069571260416",""
"austma1","2016-07-17-08:52",0,0,"Beautiful red flower bring up in our minds the blood of Jesus Christ,which he shed for our redemption,and salvation. pic.twitter.com/O0G2lHVhyp","","","","754660010471358464","","","https://twitter.com/austma1/status/754660010471358464","https://pbs.twimg.com/media/CnkWvXuWIAAHpwi.jpg"
"josephgitau13","2016-07-13-03:30",0,0,"'I adore You, O Precious Blood of Jesus, flower of creation, fruit of virginity, ineffable instrument of the Holy... http://fb.me/x5J4W6P9","","","","753129452033413120","","","https://twitter.com/josephgitau13/status/753129452033413120",""
"songproverbs169","2016-02-14-09:58",0,0,"Flowers, chocolates, diamonds and dinner couldn't express the love God has for us. It took the blood of Jesus!... http://fb.me/26HYMLvyO","","","","698883956587024384","","","https://twitter.com/songproverbs169/status/698883956587024384",""
"Ad3bay0","2015-12-23-23:31",0,0,"@ Wyld__Flower what happened to your 'blood of Jesus' reflex, thats like default reaction","","@ Wyld__Flower","","679882002712100865","679879032549322754","Wyld__Flower","https://twitter.com/Ad3bay0/status/679882002712100865","https://abs.twimg.com/emoji/v2/72x72/1f602.png"
"Tutsy22","2015-12-01-16:48",0,0,"£700,000 for flower, blood of Jesus # HowTheOtherHalfLives","","","# HowTheOtherHalfLives","671808210706284546","","","https://twitter.com/Tutsy22/status/671808210706284546","https://abs.twimg.com/emoji/v2/72x72/1f607.png"
"jesuslovers1","2015-11-12-00:29",0,0,"'I adore You, O Precious Blood of Jesus, flower of creation, fruit of virginity, ineffable instrument of the Holy... http://fb.me/Mt6avhq4","","","","664676436461006848","","","https://twitter.com/jesuslovers1/status/664676436461006848",""
"Lennyslyrics","2015-10-10-13:47",0,0,"And under my shadow, the flowers wither I have drunk the blood of jesus, and my reflection is just a shadow","","","","652903181731635201","","","https://twitter.com/Lennyslyrics/status/652903181731635201",""
"bangala","2015-09-21-04:21",0,0,"The blood of Jesus speaks the truth about God. Christian truth is not a delicate flower, cultivated in a... http://fb.me/2VRv6KCTp","","","","645875459373330432","","","https://twitter.com/bangala/status/645875459373330432",""
"soranabe2009","2015-09-20-13:28",0,0,"The blood of Jesus speaks the truth about God. Christian truth is not a delicate flower, cultivated in a... http://fb.me/1wso2urNz","","","","645650638563471360","","","https://twitter.com/soranabe2009/status/645650638563471360",""
"arellanoandres","2015-09-19-18:48",0,0,"The blood of Jesus speaks the truth about God. Christian truth is not a delicate flower, cultivated in a... http://fb.me/48yuc51Pa","","","","645368959974440960","","","https://twitter.com/arellanoandres/status/645368959974440960",""
"Pastor_Minana","2015-09-19-10:38",0,0,"The blood of Jesus speaks the truth about God. Christian truth is not a delicate flower, it is hard. pic.twitter.com/m5ws1YEMlq","","","","645245565987647488","","","https://twitter.com/Pastor_Minana/status/645245565987647488","https://pbs.twimg.com/media/CPRfa2iUcAAF4N7.png"
"ReinhardBonnke","2015-09-19-10:30",28,40,"The blood of Jesus speaks the truth about God. Christian truth is not a delicate flower, cultivated in a... http://fb.me/2ppopOAjS","","","","645243588654182401","","","https://twitter.com/ReinhardBonnke/status/645243588654182401",""
"moporopfp","2015-08-13-19:41",0,0,"Lord I cover every flower of Moporo-feta in the blood of Jesus as they sleep in Jesus name protect and keep them... http://fb.me/7odJJA5g4","","","","631973787970486272","","","https://twitter.com/moporopfp/status/631973787970486272",""
"TradCatKnight","2015-07-23-16:21",5,7,"'I adore You, O Precious Blood of Jesus, flower of creation https://plus.google.com/+EricGajewski/posts/5uMR8PULbkq …pic.twitter.com/FrmAHXsTI8","","","","624313424470609922","","","https://twitter.com/TradCatKnight/status/624313424470609922","https://pbs.twimg.com/media/CKoBwDxVEAIUCHE.jpg"
"JancieGme","2015-05-30-16:36",0,1,"Does this flower jolt your memory? Blood of Jesus shed4me&you,covers sin! pic.twitter.com/NyQzpeF79g","","","","604748303021023232","","","https://twitter.com/JancieGme/status/604748303021023232","https://pbs.twimg.com/media/CGR_XRYUkAAqQEj.jpg"
"book5starmodel","2015-05-07-06:46",0,0,"Good morning ,Start Your With Jesus and end the day in the Blood Of Jesus. These flowers are for… https://instagram.com/p/2YLqeezUDb/","","","","596264715577335808","","","https://twitter.com/book5starmodel/status/596264715577335808","https://abs.twimg.com/emoji/v2/72x72/1f490.png"
"38GratefulHeart","2015-04-04-09:10",0,0,"Where they buried him flowers grow until this day hallelujah, there's POWER Ressurrection POWER!! In The Blood Of JESUS GLORY...","","","","584342187338375168","","","https://twitter.com/38GratefulHeart/status/584342187338375168",""
"proverbs31teens","2015-02-14-19:58",0,0,"love isn't about the biggest bears or the reddest flowers, but the tears and blood of Jesus that day He died. that's love.","","","","566763433065197569","","","https://twitter.com/proverbs31teens/status/566763433065197569",""
"HighlandsSH","2015-02-14-12:50",1,4,"True love isn’t flowers on Valentine’s Day. It’s sacrificial, it’s service and it was made known through the blood of Jesus Christ.","","","","566655651330686976","","","https://twitter.com/HighlandsSH/status/566655651330686976",""
"__tto","2015-01-08-21:21",5,1,"everyone in flowers will be covered with the blood of Jesus tomorrow # amen","","","# amen","553375900201664514","","","https://twitter.com/__tto/status/553375900201664514","https://abs.twimg.com/emoji/v2/72x72/1f639.png"
"iam_jefferyZee","2014-12-04-15:19",0,0,"Waka pass twit' @ Adeorgomes: Lmao' @ Wyld__Flower: When Ay said ' I cover my yansh with the blood of Jesus'. That part literally killed me . #3","","@ Adeorgomes @ Wyld__Flower","","540601316297682944","","","https://twitter.com/iam_jefferyZee/status/540601316297682944",""
"QueEstVeritas","2014-11-15-17:46",0,0,"Photo: catholicsoul: I adore You, O Precious Blood of Jesus, flower of creation, fruit of virginity,... http://tmblr.co/Z9Z1Yo1Vh2a_C","","","","533752954462142464","","","https://twitter.com/QueEstVeritas/status/533752954462142464",""
"ZERUBBABEL2","2014-11-13-21:30",4,2,"@dolupduk @ AnitaAAnderson1 @ Flower_Power_Us @ ChristianInst @ VE6XTC @ alenesopinions @ MamiBleu27 @ AZ1U @zavi456 Its All in The Blood of # JESUS","","@ AnitaAAnderson1 @ Flower_Power_Us @ ChristianInst @ VE6XTC @ alenesopinions @ MamiBleu27 @ AZ1U","# JESUS","533084572326453248","","","https://twitter.com/ZERUBBABEL2/status/533084572326453248",""
"TheDivineTv","2014-11-02-02:14",0,0,"'I adore You, O Precious Blood of Jesus, flower of creation, fruit of virginity, ineffable instrument of the Holy... http://fb.me/1O2833Xpp","","","","528807315999571969","","","https://twitter.com/TheDivineTv/status/528807315999571969",""
"alfrescokernow","2014-09-02-05:06",0,0,"Look out for Persicaria or Redshank on roadsides. Pink flowers, zigzag red stalks & narrow leaves with dark blotches; the blood of Jesus!","","","","506729747666436096","","","https://twitter.com/alfrescokernow/status/506729747666436096",""
"mygreatmaster","2014-08-08-23:31",0,0,"I adore You, Oh Precious Blood of Jesus, flower of creation, fruit of virginity, ineffable instrument of the Holy... http://fb.me/3VxyPlcVO","","","","497948183168045056","","","https://twitter.com/mygreatmaster/status/497948183168045056",""
"Teopoli","2014-07-11-17:00",0,0,"I adore You, O Precious Blood of Jesus, flower of creation, fruit of virginity, ineffable instrument… http://tmblr.co/ZnQbRx1LCukMS","","","","487703110669049856","","","https://twitter.com/Teopoli/status/487703110669049856",""
"GabrielChamber7","2014-06-27-13:55",0,0,"Saved by the blood of jesus christ our lord and savior retweet retweet and get flowers on my page follow and be followed Amen","","","","482583021648752640","","","https://twitter.com/GabrielChamber7/status/482583021648752640",""
"downysmur","2014-06-21-23:36",0,0,"The body & blood of Jesus Christ. # Holy # Sunday # flower # kid # Catholic http://instagram.com/p/piA9V6nruV/","","","# Holy # Sunday # flower # kid # Catholic","480554958291353600","","","https://twitter.com/downysmur/status/480554958291353600",""
"RealMidPoint","2014-04-12-13:31",1,0,"Hey u woman of God. U are true Flowers of this world. Covered by the blood of Jesus. Fearfully n wonderfully made in Gods image.","","","","455035483815677952","","","https://twitter.com/RealMidPoint/status/455035483815677952",""
"DaSilvaNatalia_","2014-03-19-18:43",0,1,"@ RickysFlower He most certainly does my precious flower. @ ricky_martin come to me. In the name of Jesus. By the blood of Jesus Christ! Xo","","@ RickysFlower @ ricky_martin","","446416651274432512","446398571105882112","RickysFlower","https://twitter.com/DaSilvaNatalia_/status/446416651274432512","https://abs.twimg.com/emoji/v2/72x72/2665.png"
"DAM0LA","2013-06-30-13:45",1,0,"I would plead the blood of Jesus '@Laolu_S: If I told you that a flower bloomed in a dark room, would you trust it ?.'","","","","351396124772417537","","","https://twitter.com/DAM0LA/status/351396124772417537",""
"jmjfriends","2013-05-28-23:15",0,0,"Apostle of the Sacred heart - Saint Albert the Great I adore You, O Precious Blood of Jesus, flower of creation,... http://fb.me/27qBlVuph","","","","339580755330080769","","","https://twitter.com/jmjfriends/status/339580755330080769",""
"charlses","2013-04-29-15:54",0,0,"This flower always reminded me of the cross with four prominent stains representing the blood of Jesus. pic.twitter.com/alAp272iG8","","","","328960504070549507","","","https://twitter.com/charlses/status/328960504070549507","https://pbs.twimg.com/media/BJCz1ebCMAAzkqY.jpg"
"Bimzee_","2013-03-31-06:59",0,0,"Amen'@AFCBLESSING: @ abimberry @ hypatekficient I plead the Blood of Jesus,I come against any satanic propaganda over ur flower IJN'","","@ abimberry @ hypatekficient","","318316553672196096","","","https://twitter.com/Bimzee_/status/318316553672196096",""
"_OluBlessing","2013-03-31-06:57",0,0,"@ abimberry @ hypatekficient I plead the Blood of Jesus,I come against any satanic propaganda over ur flower IJN","","@ abimberry @ hypatekficient","","318316099110309889","318315752706961408","Bimzee_","https://twitter.com/_OluBlessing/status/318316099110309889",""
"LORDJESUS15","2013-03-15-20:27",0,0,"@ NICKIMINAJ THE BLOOD OF JESUS IS PASSOVER SAYIN GOD JESUS KOMEIN UP FROM STEPS FLOWERS DEATH N LIFE N SPIRIT N FULL WHELL GOD THE CRUSIFIX","","@ NICKIMINAJ","","312721735264907264","","","https://twitter.com/LORDJESUS15/status/312721735264907264",""
"popsonpaul","2013-03-13-19:00",0,0,"RT blood of jesus@DONJAZZY: Explain pls RT @ Folasheycrown22: @ DONJAZZY Why Do U Refused To bring Those Flowers!!!","","@ Folasheycrown22 @ DONJAZZY","","311974996450881537","","","https://twitter.com/popsonpaul/status/311974996450881537",""
"Caution_iGetWET","2013-01-23-11:56",0,0,"@PumkinSpice242 RT @ RodneyMoncur: FLOWERS AND SEBAS ARE NOT WASHED IN THE PRECIOUS BLOOD OF JESUS !<-- *shakes* << ROFLLLMMAAAOOOOO","","@ RodneyMoncur","","294126549077196800","294123585608495105","PumpkinSpice242","https://twitter.com/Caution_iGetWET/status/294126549077196800",""
"PumpkinSpice242","2013-01-23-11:45",0,0,"RT @ RodneyMoncur: FLOWERS AND SEBAS ARE NOT WASHED IN THE PRECIOUS BLOOD OF JESUS !<-- *shakes*","","@ RodneyMoncur","","294123585608495105","","","https://twitter.com/PumpkinSpice242/status/294123585608495105",""
"RodneyMoncur","2013-01-23-11:44",16,1,"FLOWERS AND SEBAS ARE NOT WASHED IN THE PRECIOUS BLOOD OF JESUS !","","","","294123533494284289","","","https://twitter.com/RodneyMoncur/status/294123533494284289",""
"hermantochow","2013-01-05-00:32",0,0,"@ bella_bellbell my heart its full of happiness n 'flower' ,my sin its clean by blood of Jesus.. Oke i send my blood via TIKI","","@ bella_bellbell","","287431440826769411","287415224456323072","bella_bellbell","https://twitter.com/hermantochow/status/287431440826769411",""
"Bussiryour","2012-11-23-09:38",0,0,"Blood of Jesus' @ ayinnu: ((( No! I Flower In LONDON ))) RT @ abeyyellow1: RT if you leaf in nigeria'","","@ ayinnu @ abeyyellow1","","271986174711721984","","","https://twitter.com/Bussiryour/status/271986174711721984",""
"LUCINDAMOORE1","2012-09-25-08:21",1,0,"I dreamed: I was at outside event, thugs began chasing & shooting. When one came to me I yelled, ' blood of Jesus!' The gun shot out flowers","","","","250570728414515200","","","https://twitter.com/LUCINDAMOORE1/status/250570728414515200",""
"faruky101","2012-08-15-23:02",0,0,"Smh! Blood Of Jesus...RT @ LalaGidiBoss: Puna RT @ faruky101: What is your favorite flower? — I'm not gay... http://ask.fm/a/37dqgphi3l","","@ LalaGidiBoss @ faruky101","","235934654346182656","235933866534252545","LalaGidiBoss","https://twitter.com/faruky101/status/235934654346182656",""
"Lord_Francois_","2012-06-20-10:25",0,0,"'The Blood of Jesus against every thief, envious , bad minded an wicked people stealing flowers from my pots & baskets' # SheLovesHerFlowers","","","# SheLovesHerFlowers","215450427284660225","","","https://twitter.com/Lord_Francois_/status/215450427284660225",""
"Mikey_Somebody","2012-05-09-14:27",0,0,"@ Penelope_flower Im covered by the blood of Jesus I dare one of these witches to try lool","","@ Penelope_flower","","200290908502097920","200290726981013505","Penelope_flower","https://twitter.com/Mikey_Somebody/status/200290908502097920",""
"DanniCalhoun","2012-04-12-01:36",0,0,"@ bmichh I was DT, Flower/7th. I'll be fine, Steffin is with me. and I'm covered with the blood of Jesus.","","@ bmichh","","190312398442344448","190311260028547073","bmichh","https://twitter.com/DanniCalhoun/status/190312398442344448",""
"evrybdyh8tskris","2012-02-14-08:17",0,0,"I'm so glad Jesus loves me no flowers or Candy can replace the blood of Jesus Christ....","","","","169409867738644481","","","https://twitter.com/evrybdyh8tskris/status/169409867738644481",""
"brettawilliams","2012-01-04-07:07",1,0,"The blood of Jesus simultaneously withers the weeds of sin and nourishes the flower of faith. # gospeldrivensanctification","","","# gospeldrivensanctification","154534497059217409","","","https://twitter.com/brettawilliams/status/154534497059217409",""
"metroadlib","2011-12-22-15:07",0,0,"on the ever-flowing blood of Jesus, y'all. i'm in no mood. i'm warning you. i don't want any of your flowers & hearts lisa frank talk, today","","","","149944201960886272","","","https://twitter.com/metroadlib/status/149944201960886272",""
"Queen_SaidThat","2011-11-20-23:35",0,0,"Good Night Love Birds. Sweet Sleep. Flowers fail, people fail but the blood of Jesus always prevails.","","","","138475706144403456","","","https://twitter.com/Queen_SaidThat/status/138475706144403456",""
"grownNsexxie","2011-09-10-19:01",0,0,"Lol RT @ goddess147: Unto flower?* @MzAdaPetite: I cover myself and my family with the blood of jesus","","@ goddess147","","112662007253176320","","","https://twitter.com/grownNsexxie/status/112662007253176320",""
"goddess147","2011-09-10-17:00",0,0,"Unto flower?* @MzAdaPetite: I cover myself and my family with the blood of jesus","","","","112631565619699712","","","https://twitter.com/goddess147/status/112631565619699712",""
"fiyinfolu","2011-08-02-07:58",0,0,"lmao!!..weyrey RT @ iphe277: *screaming* RT @flower_gehl: Blood of Jesus' @ iphe277: Spirit husband ^_^ RT @flower_gehl: Hu r u? ' @ iphe277: My","","@ iphe277 @ iphe277 @ iphe277","","98361969479921664","","","https://twitter.com/fiyinfolu/status/98361969479921664",""
"iphe277","2011-08-02-07:49",0,0,"*screaming* RT @flower_gehl: Blood of Jesus' @ iphe277: Spirit husband ^_^ RT @flower_gehl: Hu r u? ' @ iphe277: My halo u mean? It slpd jo :(","","@ iphe277 @ iphe277","","98359750038790145","","","https://twitter.com/iphe277/status/98359750038790145",""
"flowergehl","2011-08-02-03:31",0,0,"Blood of Jesus' @ iphe277: Spirit husband ^_^ RT @flower_gehl: Hu r u? ' @ iphe277: My halo u mean? It slpd jo :( RT @ jaymodiva: Jerry! Dat u","","@ iphe277 @ iphe277 @ jaymodiva","","98294766185349120","","","https://twitter.com/flowergehl/status/98294766185349120",""
"WilhelmGustloff","2011-07-13-20:48",0,0,"'I adore You, O Precious Blood of Jesus, flower of creation, fruit of virginity, ineffable instrument of the (cont) http://tl.gd/bnbrqv","","","","91307937905115137","","","https://twitter.com/WilhelmGustloff/status/91307937905115137",""
"MissAlexisK","2010-12-15-19:06",0,0,"i think the flowers I received the day after my surgery are anointed by the blood of Jesus Chris because they are YET still in full bloom.","","","","15196041066319872","","","https://twitter.com/MissAlexisK/status/15196041066319872",""
"circleNYCRC","2010-11-16-07:59",0,0,"Flowers of hope are springing up even now when you plead the precious Blood of Jesus and claim the power thereof... http://fb.me/JgSo2qq0","","","","4519002852294656","","","https://twitter.com/circleNYCRC/status/4519002852294656",""
"Theboldandcurly","2010-10-31-22:14",0,0,"@TearfulPraiser oh i paid it for a very long time...quite sick of the glow in the dark flowers as well...bout pleaded the blood of jesus","","","","29333612270","29333517717","Curl_Junkie21","https://twitter.com/Theboldandcurly/status/29333612270",""
"flowergirl_deb","2010-04-12-20:00",0,0,"RT @ flowergirl_deb: http://twitpic.com/1f3hno -this flower comes from the south have a red flower sometimes call Blood of Jesus .","","@ flowergirl_deb","","12073612181","","","https://twitter.com/flowergirl_deb/status/12073612181",""